(2, (50.0, inf))
(2, (50.0, inf))
(2, (50.0, inf))
(2, (50.0, inf))
(2, (50.0, inf))
(2, (50.0, inf))
(2, (50.0, inf))
(2, (50.0, inf))
(2, (50.0, inf))
(2, (50.0, inf))
(2, (50.0, inf))
(2, (50.0, inf))
(2, (64.0625, inf))
(2, (64.0625, inf))
(2, (64.0625, inf))
(2, (125.0, inf))
(2, (125.0, inf))
(2, (125.0, inf))
(2, (125.0, inf))
(2, (125.0, inf))
(2, (50.0, inf))
(2, (50.0, 75.0))
(2, (50.0, 75.0))
(2, (50.0, 75.0))
(2, (50.0, 75.0))
(2, (64.0625, 89.0625))
(2, (64.0625, 89.0625))
(2, (81.25, 106.25))
(2, (125.0, 150.0))
(2, (125.0, 150.0))
(2, (125.0, 150.0))
(2, (125.0, 150.0))
(2, (125.0, 150.0))
(2, (125.0, 150.0))
(2, (401.9775390625, 426.9775390625))
(1, (56.25, 401.9775390625))
(1, (56.25, 81.25))
(1, (56.25, 81.25))
(1, (56.25, 81.25))
(0, (0.0, inf))
