(2, (125.0, inf))
(2, (50.0, inf))
(2, (50.0, inf))
(2, (50.0, inf))
(2, (50.0, inf))
(2, (50.0, inf))
(2, (50.0, inf))
(2, (125.0, inf))
(2, (125.0, inf))
(2, (125.0, inf))
(2, (7.8125, 56.59722222222221))
(2, (12.5, 51.5625))
(2, (50.0, 75.0))
(2, (125.0, 150.0))
(2, (125.0, 150.0))
(2, (125.0, 150.0))
(2, (125.0, 150.0))
(2, (50.0, 75.0))
(2, (50.0, 75.0))
(2, (12.5, 36.07501594387756))
(2, (50.0, 64.0625))
(2, (50.0, 59.765625))
(2, (312.5, 318.75))
(2, (312.5, 318.75))
(2, (458.6181640625, 464.111328125))
(2, (315.6565656565656, 318.75))
(2, (315.6565656565656, 318.75))
(2, (12.5, 14.0625))
(1, (306.25, 425.0))
(1, (306.25, 312.5))
(1, (306.25, 312.5))
(1, (306.25, 312.5))
(1, (306.25, 312.5))
(1, (306.25, 312.5))
(1, (306.25, 312.5))
(1, (306.25, 312.5))
(1, (400.0, 400.09765625))
(0, (0.0, inf))
