(2, (50.0, inf))
(2, (39.0625, inf))
(2, (39.0625, inf))
(2, (50.0, inf))
(2, (50.0, inf))
(2, (50.0, inf))
(2, (50.0, inf))
(2, (50.0, inf))
(2, (50.0, inf))
(2, (50.0, inf))
(2, (125.0, inf))
(2, (125.0, inf))
(2, (125.0, inf))
(2, (125.0, inf))
(2, (125.0, inf))
(2, (50.0, 103.125))
(2, (415.2587890625, 440.2587890625))
(2, (125.0, 150.0))
(2, (50.0, 75.0))
(2, (50.0, 75.0))
(2, (50.0, 75.0))
(2, (125.0, 150.0))
(2, (125.0, 150.0))
(2, (125.0, 150.0))
(2, (125.0, 150.0))
(2, (125.0, 150.0))
(2, (181.25, 206.25))
(2, (50.0, 64.0625))
(2, (101.5625, 103.125))
(1, (156.25, 415.2587890625))
(1, (156.25, 181.25))
(1, (156.25, 181.25))
(1, (156.25, 181.25))
(0, (0.0, inf))
