(2, (50.0, inf))
(2, (50.0, inf))
(2, (50.0, inf))
(2, (50.0, inf))
(2, (50.0, inf))
(2, (50.0, inf))
(2, (50.0, inf))
(2, (50.0, inf))
(2, (50.0, inf))
(2, (50.0, inf))
(2, (50.0, inf))
(2, (50.0, inf))
(2, (110.5625, inf))
(2, (110.5625, inf))
(2, (125.0, inf))
(2, (125.0, inf))
(2, (125.0, inf))
(2, (125.0, inf))
(2, (125.0, inf))
(2, (125.0, inf))
(2, (27.25, inf))
(2, (125.0, 150.0))
(2, (50.0, 75.0))
(2, (50.0, 75.0))
(2, (50.0, 75.0))
(2, (50.0, 75.0))
(2, (110.5625, 135.5625))
(2, (110.5625, 135.5625))
(2, (125.0, 150.0))
(2, (125.0, 150.0))
(2, (125.0, 150.0))
(2, (125.0, 150.0))
(2, (125.0, 150.0))
(2, (400.00316406250016, 425.0031640625))
(2, (50.0, 52.25))
(1, (2.25, 400.00316406250016))
(1, (2.25, 27.25))
(1, (2.25, 27.25))
(1, (2.25, 27.25))
(0, (0.0, inf))
