(2, (7.0262927062246, 12.326451348421351))
(2, (7.0262927062246, 12.326451348421351))
(2, (401.5625, 405.4026031610955))
(2, (402.09288151528517, 405.29788820805084))
(2, (401.9437326123664, 404.52228093180406))
(2, (402.134177473195, 404.52228093180406))
(2, (402.0730826601282, 404.3315192724789))
(2, (402.225045378756, 404.47108666942796))
(2, (402.47348088617133, 404.65290254205655))
(2, (402.2240986857645, 404.327441255919))
(2, (401.9578290757943, 404.0534802541092))
(2, (402.62609111503093, 404.1479005468598))
(2, (402.62609111503093, 404.1479005468598))
(2, (12.847222222222221, 14.314286236637258))
(2, (402.69415285098466, 404.09648212636495))
(2, (402.2240986857645, 403.3908420138889))
(2, (402.225045378756, 403.3908420138889))
(2, (401.9578290757943, 403.1234823958807))
(2, (402.87463489959146, 404.0237725123212))
(2, (402.3452365849053, 403.37763189527436))
(2, (403.3694456778027, 404.32617138679643))
(2, (402.3864017111506, 403.1651033126159))
(2, (402.62609111503093, 403.3988570035515))
(2, (402.6293384647402, 403.39579682703993))
(2, (402.65878778816653, 403.1234823958807))
(2, (402.7028658715683, 403.1234823958807))
(2, (402.70468317908626, 403.1234823958807))
(2, (402.70468317908626, 403.1234823958807))
(2, (402.66233832661555, 403.07584104129273))
(2, (402.7028658715683, 403.1053065620525))
(2, (402.62609111503093, 403.025206993353))
(2, (401.8703085768433, 402.2090884211391))
(2, (401.94338279023066, 402.2032380124732))
(2, (401.96122122251444, 402.1896682019689))
(2, (402.72116313285466, 402.9150050488373))
(2, (401.985925003102, 402.1569433847453))
(2, (12.18004984136822, 12.33406520301688))
(2, (403.03994035110696, 403.19210116220245))
(2, (402.587584076144, 402.73175519117615))
(2, (403.2289803701785, 403.365546207514))
(2, (403.1930407294275, 403.3236243790517))
(2, (402.6154920740331, 402.7402231542914))
(2, (404.3765886613646, 404.50023475510943))
(2, (404.3765886613646, 404.50023475510943))
(2, (403.1057591910377, 403.22089678513714))
(2, (403.57379087214866, 403.6744921988734))
(2, (402.6233622615958, 402.72308926942316))
(2, (402.1730931277755, 402.2645426621093))
(2, (402.7650396150333, 402.8530054463787))
(2, (402.7650396150333, 402.8530054463787))
(2, (404.01006277455576, 404.0950391029778))
(2, (404.57612917750254, 404.64764989738364))
(2, (402.04497031526614, 402.11519906852993))
(2, (402.68018186283354, 402.74838780510356))
(2, (403.0570790797611, 403.1234823958807))
(2, (402.4804597327495, 402.54237456784085))
(2, (403.21870363289213, 403.27735260770976))
(2, (403.21870363289213, 403.27735260770976))
(2, (403.2188694900734, 403.27735260770976))
(2, (403.2188694900734, 403.27735260770976))
(2, (402.86028876863986, 402.9150050488373))
(2, (402.9322086684721, 402.9833559981099))
(2, (402.073476070752, 402.1213355609749))
(2, (403.1284598780841, 403.1699428429697))
(2, (402.6192800054543, 402.65950427586813))
(2, (402.06035401847424, 402.0987879595483))
(2, (403.0194452517402, 403.05750039122995))
(2, (403.07088748721515, 403.10721939303016))
(2, (402.22074818764895, 402.25657838550285))
(2, (403.9015606170309, 403.9363992815214))
(2, (403.9015606170309, 403.9363992815214))
(2, (402.8609729490128, 402.8888920378745))
(2, (402.1637625380898, 402.1827055219348))
(2, (403.15712619206784, 403.1740548839096))
(2, (403.39683082451734, 403.4118698826039))
(2, (402.81641168832573, 402.8304458436754))
(2, (11.158349177518154, 11.166818817522236))
(2, (12.849712736893466, 12.855520807397182))
(2, (403.13740881926606, 403.14308902495713))
(2, (403.8787588128572, 403.8820883720713))
(2, (403.23261630368347, 403.2349576009203))
(2, (402.1553717118827, 402.15583401458855))
(2, (403.1409428368405, 403.14129818641356))
(2, (7.494212962962965, 7.49450821995465))
(2, (401.80320419920247, 401.803206727992))
(1, (400.0006781684028, 402.45698427413913))
(1, (400.0088466799183, 402.46278091621525))
(1, (400.00169252629473, 401.99205330819154))
(1, (400.00390625, 401.9773673598054))
(1, (400.0, 401.9437326123664))
(1, (400.0736189791074, 401.9147768298401))
(1, (400.0199469690569, 401.7839231158798))
(1, (400.0748476473923, 401.73859332978384))
(1, (400.0, 401.5625))
(1, (400.0, 401.5625))
(1, (400.0, 401.5625))
(1, (400.0, 401.5625))
(1, (400.0, 401.5625))
(1, (400.0, 401.5625))
(1, (400.0, 401.5625))
(1, (400.0, 401.5625))
(1, (400.0, 401.5625))
(1, (400.0, 401.5625))
(1, (400.0, 401.5625))
(1, (400.0, 401.5625))
(1, (400.0, 401.5625))
(1, (400.0, 401.5625))
(1, (400.0, 401.5625))
(1, (400.0, 401.5625))
(1, (400.0, 401.5625))
(1, (400.0, 401.5625))
(1, (400.0, 401.5625))
(1, (400.0, 401.5625))
(1, (400.0, 401.5625))
(1, (400.0, 401.5625))
(1, (400.0, 401.5625))
(1, (400.0, 401.5625))
(1, (400.0, 401.5625))
(1, (400.0, 401.5625))
(1, (400.0, 401.5625))
(1, (400.3262550533713, 401.79745922552524))
(1, (400.0006781684028, 401.388127475311))
(1, (400.390625, 401.73329158786214))
(1, (400.38977739651716, 401.7318959075657))
(1, (400.5428982295033, 401.8658506794152))
(1, (400.568603515625, 401.76302893463003))
(1, (400.4965023589273, 401.3918165910507))
(1, (400.75592041015625, 401.32317828800257))
(1, (400.771728515625, 401.3235020176434))
(1, (400.38977739651716, 400.9252074821708))
(1, (400.85845947265625, 401.3554926674732))
(1, (401.41015625, 401.8511184251153))
(1, (400.55084228515625, 400.9252074821708))
(1, (400.55084228515625, 400.8950536275113))
(1, (400.96051375990584, 401.27849877177164))
(1, (400.6091616627577, 400.9253250626223))
(1, (401.62017822265625, 401.90984222402926))
(1, (401.26953125, 401.52023656844267))
(1, (401.2092043330196, 401.4528502099773))
(1, (401.27854047610737, 401.5104031581378))
(1, (401.28339959319527, 401.45627226889053))
(1, (401.4389349489796, 401.5140518486111))
(1, (401.4443495630076, 401.5182343709658))
(1, (402.5390625, 402.5749251318275))
(1, (7.443576388888891, 7.466749058380417))
(1, (402.3572296838682, 402.3646121077278))
(1, (401.5997280471931, 401.6055796825709))
(1, (403.3347663020035, 403.33977033325897))
(1, (401.65243145872483, 401.656488742896))
(1, (402.46978759765625, 402.4722445603094))
(1, (402.46978759765625, 402.4722445603094))
(1, (4.330783420138891, 4.332891313210183))
(1, (4.253472222222225, 4.255174291939001))
(1, (4.253472222222225, 4.255174291939001))
(1, (401.99033350480113, 401.9916372583001))
(1, (402.54232449001734, 402.5430068062995))
(1, (402.03641680030967, 402.037031462316))
(1, (403.871826202697, 403.87232260912015))
(1, (403.871826202697, 403.87232260912015))
(0, (0.0, inf))
