(2, (1.8125, 5.100481859410433))
(2, (2.4201388888888893, 5.100481859410433))
(2, (2.4201388888888893, 5.1004818594104275))
(2, (2.4201388888888893, 5.1004818594104275))
(2, (7.0262927062246, 9.211326560666993))
(2, (400.00003906250004, 402.0146801030138))
(2, (3.1175788238322593, 4.943117751079541))
(2, (400.1378093253244, 401.69633200705954))
(2, (2.42013888888889, 3.6408420138888893))
(2, (2.42013888888889, 3.6408420138888893))
(2, (2.42013888888889, 3.6408420138888893))
(2, (2.42013888888889, 3.6408420138888893))
(2, (7.0262927062246, 8.043048824661437))
(2, (401.0912885749427, 402.0050529884297))
(2, (400.9180609597154, 401.58479866422385))
(2, (11.6552963457741, 11.96885705800425))
(2, (11.555492106060436, 11.849882534123665))
(2, (3.4618055555555545, 3.5273526077097497))
(2, (3.461805555555557, 3.5273526077097523))
(2, (3.461805555555557, 3.5273526077097523))
(2, (3.461805555555557, 3.5273526077097523))
(2, (3.461805555555557, 3.5273526077097523))
(2, (3.4618055555555545, 3.5273526077097497))
(2, (3.4618055555555545, 3.5273526077097497))
(2, (3.4618055555555545, 3.5273526077097497))
(2, (12.633579552589971, 12.65207729476839))
(2, (401.4713568620309, 401.4769600988574))
(2, (11.953153759129398, 11.954386179515632))
(2, (8.33038961818008, 8.330665609800796))
(2, (7.505752616542435, 7.505926257814991))
(2, (10.109432083759462, 10.109542264676955))
(1, (0.25, 400.00003906250004))
(1, (0.25, 2.4201388888888893))
(1, (0.25, 2.4201388888888875))
(1, (0.25, 2.4201388888888875))
(1, (0.25, 2.4201388888888875))
(1, (0.25, 2.4201388888888875))
(1, (0.25, 1.8125))
(1, (0.25, 1.8125))
(1, (0.25, 1.8125))
(1, (0.25, 1.8125))
(1, (0.25, 1.8125))
(1, (0.25, 1.8125))
(1, (0.25, 1.8125))
(1, (0.25, 1.8125))
(1, (0.25, 1.8125))
(1, (0.25, 1.8125))
(1, (0.25, 1.8125))
(1, (0.25, 1.8125))
(1, (0.25, 1.8125))
(1, (0.25, 1.8125))
(1, (0.25, 1.8125))
(1, (7.454906699740381, 7.477280656948283))
(1, (4.892555980725623, 4.8980282605753676))
(1, (4.901109897142911, 4.906519454817431))
(1, (4.804724207075303, 4.809414430880144))
(1, (4.804724207075303, 4.809414430880144))
(1, (4.3371278345556545, 4.339163148322012))
(1, (4.253472222222225, 4.255174291939001))
(1, (4.253472222222225, 4.255174291939001))
(0, (0.0, inf))
