(2, (50.0, inf))
(2, (50.0, inf))
(2, (50.0, inf))
(2, (50.0, inf))
(2, (50.0, inf))
(2, (50.0, inf))
(2, (50.0, inf))
(2, (50.0, inf))
(2, (50.0, inf))
(2, (50.0, inf))
(2, (125.0, inf))
(2, (125.0, inf))
(2, (125.0, inf))
(2, (125.0, inf))
(2, (125.0, inf))
(2, (50.0, 125.0))
(2, (50.0, 75.0))
(2, (406.25, 431.25))
(2, (125.0, 150.0))
(2, (125.0, 150.0))
(2, (125.0, 150.0))
(2, (125.0, 150.0))
(2, (125.0, 150.0))
(2, (125.0, 150.0))
(2, (125.0, 150.0))
(2, (50.0, 75.0))
(2, (50.0, 75.0))
(1, (100.0, 406.25))
(1, (100.0, 125.0))
(1, (100.0, 125.0))
(1, (100.0, 125.0))
(0, (0.0, inf))
