(2, (7.8125, 11.100481859410433))
(2, (400.0244140625, 403.15369019556493))
(2, (3.1175788238322593, 5.825274784830794))
(2, (3.1175788238322593, 5.825274784830794))
(2, (8.42013888888889, 11.100481859410433))
(2, (8.42013888888889, 11.100481859410426))
(2, (8.42013888888889, 11.100481859410426))
(2, (3.1175788238322593, 5.35086695319111))
(2, (400.92435136078757, 403.07141908793716))
(2, (6.547354543905788, 8.658054229248904))
(2, (8.42013888888889, 9.64084201388889))
(2, (8.42013888888889, 9.64084201388889))
(2, (8.42013888888889, 9.64084201388889))
(2, (8.42013888888889, 9.64084201388889))
(2, (401.51967212344897, 402.6344942183779))
(2, (401.34496299092996, 401.4202826348045))
(2, (9.461805555555557, 9.527352607709751))
(2, (9.461805555555557, 9.527352607709751))
(2, (9.461805555555557, 9.527352607709751))
(2, (9.461805555555557, 9.527352607709751))
(2, (9.461805555555554, 9.527352607709748))
(2, (9.461805555555554, 9.527352607709748))
(2, (9.461805555555554, 9.527352607709748))
(2, (9.461805555555554, 9.527352607709748))
(2, (9.015148778986898, 9.026765577318681))
(1, (6.25, 400.0244140625))
(1, (6.25, 8.42013888888889))
(1, (6.25, 8.42013888888889))
(1, (6.25, 8.42013888888889))
(1, (6.25, 8.42013888888889))
(1, (6.25, 8.42013888888889))
(1, (6.25, 7.8125))
(1, (6.25, 7.8125))
(1, (6.25, 7.8125))
(1, (6.25, 7.8125))
(1, (6.25, 7.8125))
(1, (6.25, 7.8125))
(1, (6.25, 7.8125))
(1, (6.25, 7.8125))
(1, (6.25, 7.8125))
(1, (6.25, 7.8125))
(1, (6.25, 7.8125))
(1, (6.25, 7.8125))
(1, (6.25, 7.8125))
(1, (6.25, 7.8125))
(1, (6.25, 7.8125))
(1, (7.52749348736587, 7.546361879465568))
(1, (4.892555980725623, 4.8980282605753676))
(1, (4.901109897142911, 4.906519454817431))
(1, (4.816305742622349, 4.8212931476864505))
(1, (4.816305742622349, 4.8212931476864505))
(1, (4.955805089784613, 4.9602699213080115))
(1, (4.949864612007382, 4.954298786592142))
(1, (401.5118268734801, 401.5135871239437))
(1, (4.387573782504759, 4.389294138081337))
(0, (0.0, inf))
