(2, (50.0, inf))
(2, (50.0, inf))
(2, (50.0, inf))
(2, (50.0, inf))
(2, (50.0, inf))
(2, (50.0, inf))
(2, (50.0, inf))
(2, (50.0, inf))
(2, (50.0, inf))
(2, (50.0, inf))
(2, (125.0, inf))
(2, (125.0, inf))
(2, (125.0, inf))
(2, (125.0, inf))
(2, (125.0, inf))
(2, (125.0, inf))
(2, (125.0, inf))
(2, (125.0, inf))
(2, (50.0, inf))
(2, (50.0, 75.0))
(2, (50.0, 75.0))
(2, (50.0, 75.0))
(2, (50.0, 75.0))
(2, (50.0, 75.0))
(2, (125.0, 150.0))
(2, (125.0, 150.0))
(2, (125.0, 150.0))
(2, (125.0, 150.0))
(2, (125.0, 150.0))
(2, (125.0, 150.0))
(2, (125.0, 150.0))
(2, (125.0, 150.0))
(2, (400.0, 425.0))
(1, (0.0, 400.0))
(0, (0.0, inf))
