(2, (50.0, inf))
(2, (50.0, inf))
(2, (50.0, inf))
(2, (50.0, inf))
(2, (50.0, inf))
(2, (50.0, inf))
(2, (50.0, inf))
(2, (50.0, inf))
(2, (50.0, inf))
(2, (50.0, inf))
(2, (50.0, inf))
(2, (50.0, inf))
(2, (115.25, inf))
(2, (115.25, inf))
(2, (115.25, inf))
(2, (125.0, inf))
(2, (125.0, inf))
(2, (125.0, inf))
(2, (125.0, inf))
(2, (125.0, inf))
(2, (26.0, inf))
(2, (125.0, 150.0))
(2, (50.0, 75.0))
(2, (50.0, 75.0))
(2, (50.0, 75.0))
(2, (50.0, 75.0))
(2, (115.25, 140.25))
(2, (115.25, 140.25))
(2, (125.0, 150.0))
(2, (125.0, 150.0))
(2, (125.0, 150.0))
(2, (125.0, 150.0))
(2, (125.0, 150.0))
(2, (400.00062500000007, 425.000625))
(2, (50.0, 51.0))
(1, (1.0, 400.00062500000007))
(1, (1.0, 26.0))
(1, (1.0, 26.0))
(1, (1.0, 26.0))
(0, (0.0, inf))
