(2, (3.125, inf))
(2, (3.125, inf))
(2, (3.125, inf))
(2, (3.125, inf))
(2, (3.125, inf))
(2, (3.125, inf))
(2, (3.125, inf))
(2, (3.125, inf))
(2, (3.125, inf))
(2, (3.125, inf))
(2, (3.125, inf))
(2, (3.125, inf))
(2, (3.125, inf))
(2, (3.125, inf))
(2, (3.125, inf))
(2, (3.125, inf))
(2, (3.125, inf))
(2, (3.125, inf))
(2, (3.125, inf))
(2, (3.125, inf))
(2, (3.125, inf))
(2, (3.125, inf))
(2, (3.125, inf))
(2, (3.125, inf))
(2, (3.125, inf))
(2, (3.125, inf))
(2, (3.125, inf))
(2, (3.125, inf))
(2, (3.125, inf))
(2, (3.125, inf))
(2, (3.125, inf))
(2, (3.125, inf))
(2, (3.125, inf))
(2, (3.125, inf))
(2, (3.125, inf))
(2, (3.125, inf))
(2, (3.125, inf))
(2, (3.125, inf))
(2, (3.125, inf))
(2, (3.125, inf))
(2, (3.125, inf))
(2, (3.125, inf))
(2, (3.125, inf))
(2, (3.125, inf))
(2, (3.125, inf))
(2, (3.125, inf))
(2, (3.125, inf))
(2, (3.125, inf))
(2, (3.125, inf))
(2, (3.125, inf))
(2, (3.125, inf))
(2, (3.125, inf))
(2, (3.125, inf))
(2, (3.125, inf))
(2, (3.125, inf))
(2, (3.125, inf))
(2, (3.125, inf))
(2, (3.125, inf))
(2, (3.125, inf))
(2, (3.125, inf))
(2, (3.125, inf))
(2, (3.125, inf))
(2, (3.125, inf))
(2, (3.125, inf))
(2, (3.125, inf))
(2, (3.125, inf))
(2, (3.125, inf))
(2, (3.125, inf))
(2, (3.125, inf))
(2, (3.125, inf))
(2, (3.125, inf))
(2, (3.125, inf))
(2, (3.125, inf))
(2, (3.125, inf))
(2, (3.125, inf))
(2, (3.125, inf))
(2, (3.125, inf))
(2, (3.125, inf))
(2, (3.125, inf))
(2, (3.125, inf))
(2, (3.125, inf))
(2, (3.125, inf))
(2, (3.125, inf))
(2, (3.125, inf))
(2, (3.125, inf))
(2, (3.125, inf))
(2, (3.125, inf))
(2, (3.125, inf))
(2, (3.125, inf))
(2, (3.125, inf))
(2, (6.25, 12.5))
(2, (6.25, 12.5))
(2, (401.5625, 406.25))
(2, (401.5625, 403.125))
(2, (401.5625, 403.125))
(2, (401.5625, 403.125))
(2, (401.5625, 403.125))
(2, (401.5625, 403.125))
(2, (401.5625, 403.125))
(2, (401.5625, 403.125))
(2, (401.5625, 403.125))
(2, (401.5625, 403.125))
(2, (401.5625, 403.125))
(2, (401.5625, 403.125))
(2, (401.5625, 403.125))
(2, (3.125, 4.6875))
(2, (3.125, 4.6875))
(2, (3.125, 4.6875))
(2, (3.125, 4.6875))
(2, (3.125, 4.6875))
(2, (3.125, 4.6875))
(2, (3.125, 4.6875))
(2, (3.125, 4.6875))
(2, (3.125, 4.6875))
(2, (3.125, 4.6875))
(2, (3.125, 4.6875))
(2, (3.125, 4.6875))
(2, (3.125, 4.6875))
(2, (3.125, 4.6875))
(2, (3.125, 4.6875))
(2, (3.125, 4.6875))
(2, (3.125, 4.6875))
(2, (3.125, 4.6875))
(2, (3.125, 4.6875))
(2, (3.125, 4.6875))
(2, (3.125, 4.6875))
(2, (3.125, 4.6875))
(2, (3.125, 4.6875))
(2, (3.125, 4.6875))
(2, (3.125, 4.6875))
(2, (3.125, 4.6875))
(2, (3.125, 4.6875))
(2, (3.125, 4.6875))
(2, (3.125, 4.6875))
(2, (3.125, 4.6875))
(2, (3.125, 4.6875))
(2, (3.125, 4.6875))
(2, (3.125, 4.6875))
(2, (3.125, 4.6875))
(2, (3.125, 4.6875))
(2, (3.125, 4.6875))
(2, (3.125, 4.6875))
(2, (3.125, 4.6875))
(2, (3.125, 4.6875))
(2, (3.125, 4.6875))
(2, (3.125, 4.6875))
(2, (3.125, 4.6875))
(2, (3.125, 4.6875))
(2, (3.125, 4.6875))
(2, (3.125, 4.6875))
(2, (3.125, 4.6875))
(2, (3.125, 4.6875))
(2, (3.125, 4.6875))
(2, (3.125, 4.6875))
(2, (3.125, 4.6875))
(2, (3.125, 4.6875))
(2, (3.125, 4.6875))
(2, (3.125, 4.6875))
(2, (3.125, 4.6875))
(2, (3.125, 4.6875))
(2, (3.125, 4.6875))
(2, (3.125, 4.6875))
(2, (3.125, 4.6875))
(2, (3.125, 4.6875))
(2, (6.25, 7.8125))
(2, (6.25, 7.8125))
(2, (6.25, 7.8125))
(2, (6.25, 7.8125))
(2, (6.25, 7.8125))
(2, (6.25, 7.8125))
(2, (6.25, 7.8125))
(2, (6.25, 7.8125))
(2, (6.25, 7.8125))
(2, (6.25, 7.8125))
(2, (6.25, 7.8125))
(2, (6.25, 7.8125))
(2, (3.125, 4.6875))
(2, (3.125, 4.6875))
(2, (3.125, 4.6875))
(2, (3.125, 4.6875))
(2, (3.125, 4.6875))
(2, (3.125, 4.6875))
(2, (3.125, 4.6875))
(2, (3.125, 4.6875))
(2, (3.125, 4.6875))
(1, (0.0, 6.25))
(1, (0.0, 6.25))
(1, (0.0, 6.25))
(1, (0.0, 6.25))
(1, (0.0, 6.25))
(1, (0.0, 6.25))
(1, (0.0, 6.25))
(1, (0.0, 6.25))
(1, (0.0, 6.25))
(1, (0.0, 6.25))
(1, (400.0, 401.5625))
(1, (400.0, 401.5625))
(1, (400.0, 401.5625))
(1, (400.0, 401.5625))
(1, (400.0, 401.5625))
(1, (400.0, 401.5625))
(1, (400.0, 401.5625))
(1, (400.0, 401.5625))
(1, (400.0, 401.5625))
(1, (400.0, 401.5625))
(1, (400.0, 401.5625))
(1, (400.0, 401.5625))
(1, (400.0, 401.5625))
(1, (400.0, 401.5625))
(1, (400.0, 401.5625))
(1, (400.0, 401.5625))
(1, (400.0, 401.5625))
(1, (400.0, 401.5625))
(1, (400.0, 401.5625))
(1, (400.0, 401.5625))
(1, (400.0, 401.5625))
(1, (400.0, 401.5625))
(1, (400.0, 401.5625))
(0, (0.0, inf))
(0, (0.0, 400.0))
