(2, (3.125, inf))
(2, (7.8125, inf))
(2, (7.8125, inf))
(2, (7.8125, inf))
(2, (7.8125, inf))
(2, (7.8125, inf))
(2, (7.8125, inf))
(2, (7.8125, inf))
(2, (3.125, inf))
(2, (3.125, inf))
(2, (3.125, inf))
(2, (3.125, inf))
(2, (12.5, inf))
(2, (3.125, inf))
(2, (3.125, inf))
(2, (3.125, inf))
(2, (3.125, inf))
(2, (3.125, inf))
(2, (3.125, inf))
(2, (3.125, inf))
(2, (3.125, inf))
(2, (3.125, inf))
(2, (3.125, inf))
(2, (3.125, inf))
(2, (7.8125, inf))
(2, (7.8125, inf))
(2, (7.8125, inf))
(2, (7.8125, inf))
(2, (7.8125, inf))
(2, (7.8125, inf))
(2, (7.8125, inf))
(2, (7.8125, inf))
(2, (7.8125, inf))
(2, (7.8125, inf))
(2, (7.8125, inf))
(2, (7.8125, inf))
(2, (7.8125, inf))
(2, (7.8125, inf))
(2, (7.8125, inf))
(2, (7.8125, inf))
(2, (7.8125, inf))
(2, (7.8125, inf))
(2, (7.8125, inf))
(2, (7.8125, inf))
(2, (3.125, 9.375))
(2, (3.125, 9.375))
(2, (3.125, 9.375))
(2, (12.5, 18.75))
(2, (12.5, 18.75))
(2, (12.5, 18.75))
(2, (12.5, 14.0625))
(2, (7.8125, 9.375))
(2, (7.8125, 9.375))
(2, (7.8125, 9.375))
(2, (7.8125, 9.375))
(2, (7.8125, 9.375))
(2, (7.8125, 9.375))
(2, (7.8125, 9.375))
(2, (7.8125, 9.375))
(2, (7.8125, 9.375))
(2, (7.8125, 9.375))
(2, (7.8125, 9.375))
(2, (7.8125, 9.375))
(2, (7.8125, 9.375))
(2, (7.8125, 9.375))
(2, (7.8125, 9.375))
(2, (7.8125, 9.375))
(2, (7.8125, 9.375))
(2, (7.8125, 9.375))
(2, (3.125, 4.6875))
(2, (3.125, 4.6875))
(2, (3.125, 4.6875))
(2, (3.125, 4.6875))
(2, (3.125, 4.6875))
(2, (3.125, 4.6875))
(2, (3.125, 4.6875))
(2, (12.5, 14.0625))
(2, (3.125, 4.6875))
(2, (12.5, 14.0625))
(2, (12.5, 14.0625))
(2, (12.5, 14.0625))
(2, (12.5, 14.0625))
(2, (12.5, 14.0625))
(2, (12.5, 14.0625))
(2, (12.5, 14.0625))
(2, (12.5, 14.0625))
(2, (12.5, 14.0625))
(2, (12.5, 14.0625))
(2, (12.5, 14.0625))
(2, (12.5, 14.0625))
(1, (0.0, 12.5))
(1, (0.0, 12.5))
(1, (0.0, 12.5))
(1, (0.0, 12.5))
(1, (0.0, 12.5))
(1, (0.0, 12.5))
(1, (0.0, 12.5))
(1, (0.0, 12.5))
(1, (0.0, 12.5))
(0, (0.0, inf))
