(2, (3.125, inf))
(2, (3.125, inf))
(2, (3.125, inf))
(2, (3.125, inf))
(2, (3.125, inf))
(2, (3.125, inf))
(2, (3.125, inf))
(2, (3.125, inf))
(2, (3.125, inf))
(2, (3.125, inf))
(2, (3.125, inf))
(2, (3.125, inf))
(2, (3.125, inf))
(2, (3.125, inf))
(2, (3.125, inf))
(2, (3.125, inf))
(2, (3.125, inf))
(2, (3.125, inf))
(2, (3.125, inf))
(2, (3.125, inf))
(2, (3.125, inf))
(2, (3.125, inf))
(2, (3.125, inf))
(2, (3.125, inf))
(2, (3.125, inf))
(2, (3.125, inf))
(2, (3.125, inf))
(2, (3.125, inf))
(2, (3.125, inf))
(2, (3.125, inf))
(2, (3.125, inf))
(2, (3.125, inf))
(2, (3.125, inf))
(2, (3.125, inf))
(2, (3.125, inf))
(2, (3.125, inf))
(2, (3.125, inf))
(2, (3.125, inf))
(2, (3.125, inf))
(2, (3.125, inf))
(2, (3.125, inf))
(2, (3.125, inf))
(2, (3.125, inf))
(2, (3.125, inf))
(2, (3.125, inf))
(2, (3.125, inf))
(2, (3.125, inf))
(2, (3.125, inf))
(2, (3.125, inf))
(2, (3.125, inf))
(2, (3.125, inf))
(2, (3.125, inf))
(2, (3.125, inf))
(2, (3.125, inf))
(2, (3.125, inf))
(2, (3.125, inf))
(2, (3.125, inf))
(2, (3.125, inf))
(2, (3.125, inf))
(2, (3.125, inf))
(2, (3.125, inf))
(2, (3.125, inf))
(2, (3.125, inf))
(2, (3.125, inf))
(2, (3.125, inf))
(2, (3.125, inf))
(2, (3.125, inf))
(2, (3.125, inf))
(2, (3.125, inf))
(2, (3.125, inf))
(2, (3.125, inf))
(2, (3.125, inf))
(2, (3.125, inf))
(2, (3.125, inf))
(2, (3.125, inf))
(2, (3.125, inf))
(2, (3.125, inf))
(2, (3.125, inf))
(2, (3.125, inf))
(2, (3.125, inf))
(2, (3.125, inf))
(2, (3.125, inf))
(2, (3.125, inf))
(2, (3.125, inf))
(2, (3.125, inf))
(2, (3.125, inf))
(2, (3.125, inf))
(2, (3.125, inf))
(2, (3.125, inf))
(2, (3.125, inf))
(2, (6.25, 12.5))
(2, (6.25, 12.5))
(2, (226.5625, 231.25))
(2, (226.5625, 228.125))
(2, (226.5625, 228.125))
(2, (226.5625, 228.125))
(2, (226.5625, 228.125))
(2, (226.5625, 228.125))
(2, (226.5625, 228.125))
(2, (226.5625, 228.125))
(2, (226.5625, 228.125))
(2, (226.5625, 228.125))
(2, (226.5625, 228.125))
(2, (226.5625, 228.125))
(2, (226.5625, 228.125))
(2, (3.125, 4.6875))
(2, (3.125, 4.6875))
(2, (3.125, 4.6875))
(2, (3.125, 4.6875))
(2, (3.125, 4.6875))
(2, (3.125, 4.6875))
(2, (3.125, 4.6875))
(2, (3.125, 4.6875))
(2, (3.125, 4.6875))
(2, (3.125, 4.6875))
(2, (3.125, 4.6875))
(2, (3.125, 4.6875))
(2, (3.125, 4.6875))
(2, (3.125, 4.6875))
(2, (3.125, 4.6875))
(2, (3.125, 4.6875))
(2, (3.125, 4.6875))
(2, (3.125, 4.6875))
(2, (3.125, 4.6875))
(2, (3.125, 4.6875))
(2, (3.125, 4.6875))
(2, (3.125, 4.6875))
(2, (3.125, 4.6875))
(2, (3.125, 4.6875))
(2, (3.125, 4.6875))
(2, (3.125, 4.6875))
(2, (3.125, 4.6875))
(2, (3.125, 4.6875))
(2, (3.125, 4.6875))
(2, (3.125, 4.6875))
(2, (3.125, 4.6875))
(2, (3.125, 4.6875))
(2, (3.125, 4.6875))
(2, (3.125, 4.6875))
(2, (3.125, 4.6875))
(2, (3.125, 4.6875))
(2, (3.125, 4.6875))
(2, (3.125, 4.6875))
(2, (3.125, 4.6875))
(2, (3.125, 4.6875))
(2, (3.125, 4.6875))
(2, (3.125, 4.6875))
(2, (3.125, 4.6875))
(2, (3.125, 4.6875))
(2, (3.125, 4.6875))
(2, (3.125, 4.6875))
(2, (3.125, 4.6875))
(2, (3.125, 4.6875))
(2, (3.125, 4.6875))
(2, (3.125, 4.6875))
(2, (3.125, 4.6875))
(2, (3.125, 4.6875))
(2, (3.125, 4.6875))
(2, (3.125, 4.6875))
(2, (3.125, 4.6875))
(2, (3.125, 4.6875))
(2, (3.125, 4.6875))
(2, (3.125, 4.6875))
(2, (3.125, 4.6875))
(2, (6.25, 7.8125))
(2, (6.25, 7.8125))
(2, (6.25, 7.8125))
(2, (6.25, 7.8125))
(2, (6.25, 7.8125))
(2, (6.25, 7.8125))
(2, (6.25, 7.8125))
(2, (6.25, 7.8125))
(2, (6.25, 7.8125))
(2, (6.25, 7.8125))
(2, (6.25, 7.8125))
(2, (6.25, 7.8125))
(2, (3.125, 4.6875))
(2, (3.125, 4.6875))
(2, (3.125, 4.6875))
(2, (3.125, 4.6875))
(2, (3.125, 4.6875))
(2, (3.125, 4.6875))
(2, (3.125, 4.6875))
(2, (3.125, 4.6875))
(2, (3.125, 4.6875))
(1, (0.0, 6.25))
(1, (0.0, 6.25))
(1, (0.0, 6.25))
(1, (0.0, 6.25))
(1, (0.0, 6.25))
(1, (0.0, 6.25))
(1, (0.0, 6.25))
(1, (0.0, 6.25))
(1, (0.0, 6.25))
(1, (0.0, 6.25))
(1, (225.0, 226.5625))
(1, (225.0, 226.5625))
(1, (225.0, 226.5625))
(1, (225.0, 226.5625))
(1, (225.0, 226.5625))
(1, (225.0, 226.5625))
(1, (225.0, 226.5625))
(1, (225.0, 226.5625))
(1, (225.0, 226.5625))
(1, (225.0, 226.5625))
(1, (225.0, 226.5625))
(1, (225.0, 226.5625))
(1, (225.0, 226.5625))
(1, (225.0, 226.5625))
(1, (225.0, 226.5625))
(1, (225.0, 226.5625))
(1, (225.0, 226.5625))
(1, (225.0, 226.5625))
(1, (225.0, 226.5625))
(1, (225.0, 226.5625))
(1, (225.0, 226.5625))
(1, (225.0, 226.5625))
(1, (225.0, 226.5625))
(0, (0.0, inf))
(0, (0.0, 225.0))
