(2, (3.125, inf))
(2, (3.125, inf))
(2, (3.125, inf))
(2, (3.125, inf))
(2, (3.125, inf))
(2, (3.125, inf))
(2, (3.125, inf))
(2, (3.125, inf))
(2, (3.125, inf))
(2, (3.125, inf))
(2, (3.125, inf))
(2, (3.125, inf))
(2, (3.125, inf))
(2, (3.125, inf))
(2, (7.8125, inf))
(2, (3.125, inf))
(2, (3.125, inf))
(2, (3.125, inf))
(2, (3.125, inf))
(2, (3.125, inf))
(2, (3.125, inf))
(2, (3.125, inf))
(2, (3.125, inf))
(2, (3.125, inf))
(2, (3.125, inf))
(2, (3.125, inf))
(2, (3.125, inf))
(2, (3.125, inf))
(2, (7.8125, inf))
(2, (7.8125, inf))
(2, (7.8125, inf))
(2, (7.8125, inf))
(2, (7.8125, inf))
(2, (7.8125, inf))
(2, (7.8125, inf))
(2, (7.8125, inf))
(2, (7.8125, inf))
(2, (7.8125, inf))
(2, (7.8125, inf))
(2, (7.8125, inf))
(2, (7.8125, inf))
(2, (3.125, inf))
(2, (7.8125, inf))
(2, (7.8125, inf))
(2, (7.8125, inf))
(2, (7.8125, inf))
(2, (7.8125, inf))
(2, (7.8125, inf))
(2, (7.8125, inf))
(2, (7.8125, inf))
(2, (7.8125, inf))
(2, (3.125, 9.375))
(2, (12.5, 18.75))
(2, (12.5, 18.75))
(2, (31.25, 37.5))
(2, (3.125, 9.375))
(2, (31.25, 32.8125))
(2, (31.25, 32.8125))
(2, (31.25, 32.8125))
(2, (31.25, 32.8125))
(2, (26.5625, 28.125))
(2, (26.5625, 28.125))
(2, (26.5625, 28.125))
(2, (26.5625, 28.125))
(2, (3.125, 4.6875))
(2, (7.8125, 9.375))
(2, (7.8125, 9.375))
(2, (7.8125, 9.375))
(2, (7.8125, 9.375))
(2, (7.8125, 9.375))
(2, (7.8125, 9.375))
(2, (7.8125, 9.375))
(2, (7.8125, 9.375))
(2, (7.8125, 9.375))
(2, (7.8125, 9.375))
(2, (7.8125, 9.375))
(2, (7.8125, 9.375))
(2, (7.8125, 9.375))
(2, (7.8125, 9.375))
(2, (7.8125, 9.375))
(2, (7.8125, 9.375))
(2, (7.8125, 9.375))
(2, (7.8125, 9.375))
(2, (7.8125, 9.375))
(2, (7.8125, 9.375))
(2, (3.125, 4.6875))
(2, (3.125, 4.6875))
(2, (3.125, 4.6875))
(2, (3.125, 4.6875))
(2, (3.125, 4.6875))
(2, (3.125, 4.6875))
(2, (3.125, 4.6875))
(2, (3.125, 4.6875))
(2, (3.125, 4.6875))
(2, (3.125, 4.6875))
(2, (7.8125, 9.375))
(2, (3.125, 4.6875))
(2, (3.125, 4.6875))
(2, (3.125, 4.6875))
(2, (3.125, 4.6875))
(2, (3.125, 4.6875))
(2, (7.8125, 9.375))
(2, (7.8125, 9.375))
(2, (7.8125, 9.375))
(2, (12.5, 14.0625))
(2, (12.5, 14.0625))
(2, (12.5, 14.0625))
(2, (12.5, 14.0625))
(2, (12.5, 14.0625))
(2, (12.5, 14.0625))
(2, (12.5, 14.0625))
(2, (12.5, 14.0625))
(2, (12.5, 14.0625))
(2, (12.5, 14.0625))
(2, (12.5, 14.0625))
(2, (12.5, 14.0625))
(1, (0.0, 12.5))
(1, (0.0, 12.5))
(1, (0.0, 12.5))
(1, (0.0, 12.5))
(1, (0.0, 12.5))
(1, (0.0, 12.5))
(1, (0.0, 12.5))
(1, (0.0, 12.5))
(1, (0.0, 12.5))
(1, (0.0, 12.5))
(1, (25.0, 31.25))
(1, (25.0, 31.25))
(1, (25.0, 31.25))
(1, (25.0, 26.5625))
(1, (25.0, 26.5625))
(1, (25.0, 26.5625))
(1, (25.0, 26.5625))
(1, (25.0, 26.5625))
(1, (25.0, 26.5625))
(1, (25.0, 26.5625))
(1, (25.0, 26.5625))
(1, (25.0, 26.5625))
(1, (25.0, 26.5625))
(1, (25.0, 26.5625))
(1, (25.0, 26.5625))
(0, (0.0, inf))
(0, (0.0, 25.0))
