(2, (3.125, inf))
(2, (3.125, inf))
(2, (3.125, inf))
(2, (3.125, inf))
(2, (3.125, inf))
(2, (3.125, inf))
(2, (3.125, inf))
(2, (3.125, inf))
(2, (3.125, inf))
(2, (3.125, inf))
(2, (3.125, inf))
(2, (3.125, inf))
(2, (3.125, inf))
(2, (3.125, inf))
(2, (3.125, inf))
(2, (7.8125, inf))
(2, (3.125, inf))
(2, (3.125, inf))
(2, (3.125, inf))
(2, (3.125, inf))
(2, (3.125, inf))
(2, (3.125, inf))
(2, (3.125, inf))
(2, (3.125, inf))
(2, (3.125, inf))
(2, (3.125, inf))
(2, (3.125, inf))
(2, (3.125, inf))
(2, (3.125, inf))
(2, (7.8125, inf))
(2, (7.8125, inf))
(2, (7.8125, inf))
(2, (7.8125, inf))
(2, (7.8125, inf))
(2, (7.8125, inf))
(2, (7.8125, inf))
(2, (7.8125, inf))
(2, (7.8125, inf))
(2, (7.8125, inf))
(2, (7.8125, inf))
(2, (7.8125, inf))
(2, (7.8125, inf))
(2, (7.8125, inf))
(2, (7.8125, inf))
(2, (3.125, inf))
(2, (7.8125, inf))
(2, (7.8125, inf))
(2, (7.8125, inf))
(2, (7.8125, inf))
(2, (7.8125, inf))
(2, (7.8125, inf))
(2, (7.8125, inf))
(2, (7.8125, inf))
(2, (7.8125, inf))
(2, (7.8125, inf))
(2, (3.125, 9.375))
(2, (3.125, 9.375))
(2, (106.25, 112.5))
(2, (12.5, 18.75))
(2, (12.5, 18.75))
(2, (101.5625, 103.125))
(2, (101.5625, 103.125))
(2, (101.5625, 103.125))
(2, (101.5625, 103.125))
(2, (106.25, 107.8125))
(2, (106.25, 107.8125))
(2, (106.25, 107.8125))
(2, (106.25, 107.8125))
(2, (3.125, 4.6875))
(2, (7.8125, 9.375))
(2, (7.8125, 9.375))
(2, (7.8125, 9.375))
(2, (7.8125, 9.375))
(2, (7.8125, 9.375))
(2, (7.8125, 9.375))
(2, (7.8125, 9.375))
(2, (7.8125, 9.375))
(2, (7.8125, 9.375))
(2, (7.8125, 9.375))
(2, (7.8125, 9.375))
(2, (7.8125, 9.375))
(2, (7.8125, 9.375))
(2, (7.8125, 9.375))
(2, (7.8125, 9.375))
(2, (7.8125, 9.375))
(2, (7.8125, 9.375))
(2, (7.8125, 9.375))
(2, (7.8125, 9.375))
(2, (7.8125, 9.375))
(2, (3.125, 4.6875))
(2, (3.125, 4.6875))
(2, (3.125, 4.6875))
(2, (3.125, 4.6875))
(2, (3.125, 4.6875))
(2, (3.125, 4.6875))
(2, (3.125, 4.6875))
(2, (3.125, 4.6875))
(2, (3.125, 4.6875))
(2, (3.125, 4.6875))
(2, (7.8125, 9.375))
(2, (3.125, 4.6875))
(2, (3.125, 4.6875))
(2, (3.125, 4.6875))
(2, (3.125, 4.6875))
(2, (3.125, 4.6875))
(2, (7.8125, 9.375))
(2, (7.8125, 9.375))
(2, (7.8125, 9.375))
(2, (12.5, 14.0625))
(2, (12.5, 14.0625))
(2, (12.5, 14.0625))
(2, (12.5, 14.0625))
(2, (12.5, 14.0625))
(2, (12.5, 14.0625))
(2, (12.5, 14.0625))
(2, (12.5, 14.0625))
(2, (12.5, 14.0625))
(2, (12.5, 14.0625))
(2, (12.5, 14.0625))
(2, (12.5, 14.0625))
(1, (0.0, 12.5))
(1, (0.0, 12.5))
(1, (0.0, 12.5))
(1, (0.0, 12.5))
(1, (0.0, 12.5))
(1, (0.0, 12.5))
(1, (0.0, 12.5))
(1, (0.0, 12.5))
(1, (0.0, 12.5))
(1, (0.0, 12.5))
(1, (100.0, 106.25))
(1, (100.0, 106.25))
(1, (100.0, 106.25))
(1, (100.0, 101.5625))
(1, (100.0, 101.5625))
(1, (100.0, 101.5625))
(1, (100.0, 101.5625))
(1, (100.0, 101.5625))
(1, (100.0, 101.5625))
(1, (100.0, 101.5625))
(1, (100.0, 101.5625))
(1, (100.0, 101.5625))
(1, (100.0, 101.5625))
(1, (100.0, 101.5625))
(1, (100.0, 101.5625))
(0, (0.0, inf))
(0, (0.0, 100.0))
