(2, (3.5075261153911024, 6.3890631705219345))
(2, (400.0, 402.28614776494055))
(2, (400.5862078958039, 401.99760380887847))
(2, (400.7015289971858, 401.953856083397))
(2, (11.656287919360729, 12.66251534891829))
(2, (11.809921396572914, 12.151763827392427))
(2, (8.624604916336903, 8.882708838142232))
(2, (400.95494392567116, 401.1030149799417))
(2, (11.882001684389417, 11.91415026916474))
(2, (11.562523654831047, 11.570666700875583))
(2, (14.046734618751225, 14.05050062914741))
(2, (8.669704656013696, 8.670485233755304))
(2, (7.4942129629629655, 7.49450821995465))
(2, (7.4942129629629655, 7.49450821995465))
(2, (7.4942129629629655, 7.49450821995465))
(2, (7.4942129629629655, 7.49450821995465))
(1, (0.0, 400.0))
(1, (7.443576388888891, 7.466749058380415))
(1, (7.443576388888891, 7.466749058380415))
(1, (7.443576388888891, 7.466749058380415))
(1, (7.443576388888891, 7.466749058380415))
(1, (4.330783420138891, 4.332891313210181))
(1, (4.330783420138891, 4.332891313210181))
(1, (4.330783420138891, 4.332891313210181))
(1, (4.330783420138891, 4.332891313210181))
(0, (0.0, inf))
