(2, (3.8125, 7.100481859410433))
(2, (400.0031640625, 403.00926422090924))
(2, (3.1175788238322593, 5.825274784830794))
(2, (4.420138888888889, 7.100481859410433))
(2, (4.420138888888889, 7.1004818594104275))
(2, (4.420138888888889, 7.1004818594104275))
(2, (6.637627872928581, 9.07903412292858))
(2, (7.0262927062246, 9.165615836323614))
(2, (9.358342350475986, 10.871483849210833))
(2, (7.0262927062246, 8.373613938140728))
(2, (4.420138888888891, 5.640842013888889))
(2, (4.420138888888891, 5.640842013888889))
(2, (4.420138888888891, 5.640842013888889))
(2, (4.420138888888891, 5.640842013888889))
(2, (401.14012125187196, 402.2977808287375))
(2, (401.57946205321286, 402.4846862765493))
(2, (401.60928132915103, 402.4812034235423))
(2, (7.150068433720095, 7.6219770982524775))
(2, (13.17418753663199, 13.288697957765887))
(2, (5.461805555555554, 5.52735260770975))
(2, (5.461805555555554, 5.52735260770975))
(2, (5.461805555555554, 5.52735260770975))
(2, (5.461805555555554, 5.52735260770975))
(2, (5.461805555555557, 5.527352607709753))
(2, (5.461805555555557, 5.527352607709753))
(2, (5.461805555555557, 5.527352607709753))
(2, (5.461805555555557, 5.527352607709753))
(2, (13.280505155159785, 13.28556499905752))
(2, (10.031235284049366, 10.032019201329083))
(2, (402.46862000943304, 402.46902750709023))
(2, (402.46865662110315, 402.4689907530868))
(2, (7.864775631204084, 7.865087526716096))
(2, (402.4771832719459, 402.4774892913193))
(2, (7.536562961391086, 7.5365822646700416))
(1, (2.25, 400.0031640625))
(1, (2.25, 4.420138888888889))
(1, (2.25, 4.4201388888888875))
(1, (2.25, 4.4201388888888875))
(1, (2.25, 4.4201388888888875))
(1, (2.25, 4.4201388888888875))
(1, (2.25, 3.8125))
(1, (2.25, 3.8125))
(1, (2.25, 3.8125))
(1, (2.25, 3.8125))
(1, (2.25, 3.8125))
(1, (2.25, 3.8125))
(1, (2.25, 3.8125))
(1, (2.25, 3.8125))
(1, (2.25, 3.8125))
(1, (2.25, 3.8125))
(1, (2.25, 3.8125))
(1, (2.25, 3.8125))
(1, (2.25, 3.8125))
(1, (2.25, 3.8125))
(1, (2.25, 3.8125))
(1, (7.796988274742294, 7.829812603758139))
(1, (7.4853264312698595, 7.506006475482208))
(1, (8.897775611877442, 8.906093927545264))
(1, (4.959791533801018, 4.966540103671617))
(1, (4.892555980725623, 4.8980282605753676))
(1, (4.88667701482166, 4.892111697663782))
(1, (9.887466781696721, 9.88995104656922))
(1, (4.3569327752792, 4.358815285153335))
(0, (0.0, inf))
