(2, (4.465700770891878, 9.729827406655534))
(2, (157.8125, 161.10048185941042))
(2, (6.547354543905788, 9.475617806276563))
(2, (158.4201388888889, 161.10048185941042))
(2, (158.4201388888889, 161.10048185941042))
(2, (158.4201388888889, 161.10048185941042))
(2, (401.5625, 404.1753350157781))
(2, (401.8616774725137, 404.02525876757466))
(2, (3.5075261153911024, 5.635520838522018))
(2, (401.7164358948845, 403.26864284199746))
(2, (158.4201388888889, 159.6408420138889))
(2, (158.4201388888889, 159.6408420138889))
(2, (158.4201388888889, 159.6408420138889))
(2, (158.4201388888889, 159.6408420138889))
(2, (401.76302893462986, 402.39656223109097))
(2, (12.972468350316142, 13.444063775331994))
(2, (402.550376454148, 402.99533436661534))
(2, (402.87744293288114, 403.222597211597))
(2, (401.85221263201856, 402.15694338474526))
(2, (402.75264714305683, 402.9264519202428))
(2, (401.9859250031021, 402.11519906853005))
(2, (402.9059052213912, 403.0167105774291))
(2, (403.05935869698044, 403.1256780526378))
(2, (159.46180555555554, 159.52735260770976))
(2, (159.46180555555554, 159.52735260770976))
(2, (159.46180555555554, 159.52735260770976))
(2, (159.46180555555554, 159.52735260770976))
(2, (159.46180555555554, 159.52735260770976))
(2, (159.46180555555554, 159.52735260770976))
(2, (159.46180555555554, 159.52735260770976))
(2, (159.46180555555554, 159.52735260770976))
(2, (403.1831298925857, 403.24247210605836))
(2, (403.1066532364228, 403.16523663542125))
(2, (402.04497031526614, 402.1016594065163))
(2, (402.9515609865907, 402.98571241422775))
(2, (403.19466209528036, 403.2068172925102))
(2, (401.78392311588016, 401.7913817531425))
(2, (7.630752691135795, 7.63650691451604))
(2, (403.13740881926606, 403.14308902495713))
(2, (15.350506517561872, 15.351688235829409))
(2, (11.507863832867313, 11.50858046742646))
(2, (402.9494320598801, 402.9500068720828))
(2, (402.1553717118828, 402.1558340145888))
(2, (403.1409428368408, 403.1412981864134))
(2, (7.879598839035413, 7.8799160512900315))
(2, (6.4401863710023255, 6.440503279408361))
(2, (7.4942129629629655, 7.494508219954648))
(1, (156.25, 401.5625))
(1, (156.25, 158.4201388888889))
(1, (156.25, 158.4201388888889))
(1, (156.25, 158.4201388888889))
(1, (156.25, 158.4201388888889))
(1, (156.25, 158.4201388888889))
(1, (400.0, 401.5625))
(1, (400.0, 401.5625))
(1, (156.25, 157.8125))
(1, (156.25, 157.8125))
(1, (156.25, 157.8125))
(1, (156.25, 157.8125))
(1, (156.25, 157.8125))
(1, (156.25, 157.8125))
(1, (156.25, 157.8125))
(1, (156.25, 157.8125))
(1, (156.25, 157.8125))
(1, (156.25, 157.8125))
(1, (156.25, 157.8125))
(1, (156.25, 157.8125))
(1, (156.25, 157.8125))
(1, (156.25, 157.8125))
(1, (156.25, 157.8125))
(1, (400.56919385764326, 401.63491874815946))
(1, (400.9349673194396, 401.5067285476604))
(1, (400.75592041015625, 401.3237086616332))
(1, (401.2397762683043, 401.39370139171))
(1, (400.1185438064158, 400.2436981515816))
(1, (401.21374972736226, 401.3312318084255))
(1, (6.334826411033161, 6.378757580386984))
(1, (7.586839463975696, 7.6231541401911365))
(1, (7.812196206666719, 7.84497739838252))
(1, (7.443576388888891, 7.466749058380417))
(1, (402.8566070486633, 402.87520742724143))
(1, (5.938720703125, 5.956583838664869))
(1, (4.959791533801018, 4.966540103671616))
(1, (7.6389646567664595, 7.645347420195471))
(1, (400.0199469690569, 400.02595394323293))
(1, (401.41015625, 401.41458677677394))
(1, (401.65243145872483, 401.65648874289593))
(1, (4.330783420138891, 4.332891313210184))
(0, (0.0, inf))
