(2, (1.12890625, 3.7656241833598845))
(2, (1.4218744484922503, 2.984374477140099))
(2, (1.1289064548950787, 2.546874795164716))
(2, (1.8125005310239999, 2.9843755284635263))
(2, (1.4218752680724709, 2.300781313177417))
(2, (1.812500531023983, 2.333334045917285))
(2, (2.0833338053546937, 2.3333338053546937))
(2, (2.7343744484922503, 2.98437444849225))
(2, (2.300780903387328, 2.300780903387329))
(2, (2.300780903387328, 2.300780903387329))
(1, (0.0, 2.0833338053546937))
(1, (2.7343744484922494, 2.73437444849225))
(1, (1.4218752680724704, 1.4218752680724707))
(0, (0.0, inf))
