(2, (12.000001333202036, 15.484354468115809))
(2, (11.669872666650251, 14.625014995013252))
(2, (12.00000133320204, 14.445024632441235))
(2, (6.25, 6.839745666601001))
(2, (6.25, 6.839745666601001))
(2, (13.921261284252555, 14.21957956290769))
(2, (13.421523946355265, 13.56250133320204))
(2, (13.421523946355265, 13.562501333202036))
(2, (13.154398825673479, 13.210070944296689))
(2, (13.23237266665025, 13.232372666650253))
(2, (13.23237266665025, 13.232372666650251))
(1, (0.0, 9.000001499852251))
(1, (6.75000149985225, 9.000001499852251))
(0, (0.0, inf))
