(2, (0.3333331779166848, 3.348987993710984))
(2, (0.3333331779166848, 3.2020025662714318))
(2, (0.3333331779166848, 3.1128115903603186))
(2, (0.3333331779166848, 1.8958331779166846))
(2, (3.4711936819235545, 4.0706213440816335))
(2, (3.4711936819235536, 4.070621344081632))
(2, (3.4711936819235545, 4.070621344081632))
(2, (1.8124998251562499, 2.0382997760662622))
(2, (1.8124998251562499, 1.8958331779166846))
(2, (1.8124998251562499, 1.8958331779166846))
(2, (1.8125, 1.8958331779166846))
(2, (3.9791307845573645, 4.038844805994948))
(2, (3.9791307845573662, 4.03884480599495))
(2, (3.9791307845573662, 4.038844805994948))
(1, (0.0, 0.3333331779166848))
(1, (3.4174443853183996, 3.432722144764676))
(1, (3.417444385318401, 3.4327221447646767))
(1, (3.417444385318401, 3.4327221447646767))
(0, (0.0, inf))
