(2, (1.3333334814668931, 14.55400357466292))
(2, (1.3333334814668931, 14.388789041719935))
(2, (8.889958255625, 15.139958255625004))
(2, (8.889958255625, 15.139958255625004))
(2, (9.94658109985025, 16.19658109985025))
(2, (12.5, 16.758345526372207))
(2, (7.25, 11.423334009107233))
(2, (12.5, 16.196581099850253))
(2, (7.250000166650253, 7.583333481466895))
(2, (7.250000166650253, 7.583333481466893))
(2, (10.250975073780513, 10.271112017089308))
(2, (10.250975073780513, 10.271112017089308))
(2, (16.19658109985025, 16.196581099850256))
(2, (16.19658109985025, 16.196581099850253))
(2, (16.19658109985025, 16.196581099850253))
(2, (15.139958255625, 15.139958255625004))
(2, (15.139958255625, 15.139958255625002))
(2, (15.139958255625, 15.139958255625002))
(1, (0.0, 1.3333334814668931))
(1, (7.250000166650249, 7.250000166650251))
(1, (7.250000166650249, 7.25000016665025))
(0, (0.0, inf))
