(2, (8.333333296917559, 15.16118902175529))
(2, (7.36645533400025, 13.61645533400025))
(2, (8.333333296917559, 14.583333296917555))
(2, (12.5, 16.455003131741975))
(2, (12.5, 15.744033900086276))
(2, (12.499999959032252, 14.583333296917557))
(2, (12.499999959032252, 14.114096702678381))
(2, (13.61645533400025, 13.616455334000253))
(2, (13.61645533400025, 13.616455334000252))
(2, (13.61645533400025, 13.616455334000252))
(2, (13.61645533400025, 13.616455334000252))
(2, (14.583333296917555, 14.583333296917557))
(1, (0.0, 8.333333296917555))
(1, (12.499999959032248, 12.49999995903225))
(1, (12.499999959032248, 12.49999995903225))
(0, (0.0, inf))
