(2, (1.3333334814668931, 8.086670768751457))
(2, (5.3333339258675725, 8.086670768751457))
(2, (5.5625, 7.52960133814301))
(2, (5.562500666601, 6.8958339258675725))
(2, (5.562500666601, 6.8958339258675725))
(2, (5.3333339258675725, 5.53583380587941))
(2, (5.3333339258675725, 5.53583380587941))
(1, (0.0, 1.3333334814668931))
(1, (1.0, 1.3333334814668931))
(1, (1.0, 1.3333334814668931))
(1, (1.0000001666502496, 1.3333334814668927))
(1, (1.0000001666502496, 1.3333334814668927))
(1, (1.00000016665025, 1.3333334814668931))
(1, (1.00000016665025, 1.3333334814668931))
(0, (0.0, inf))
