(2, (0.7499999389875569, 7.656445130127526))
(2, (2.9999997559502276, 7.656445130127526))
(2, (3.812499725444, 7.0339948773026535))
(2, (3.812499725444, 4.562499755950228))
(2, (3.8125, 4.562499755950228))
(2, (2.9999997559502276, 3.6399997559502273))
(2, (2.9999997559502276, 3.6399997559502273))
(1, (0.0, 0.7499999389875569))
(1, (0.562499931361, 0.7499999389875567))
(1, (0.562499931361, 0.7499999389875567))
(1, (0.5624999313610002, 0.7499999389875569))
(1, (0.5624999313610002, 0.7499999389875569))
(1, (0.5625, 0.7499999389875569))
(1, (0.5625, 0.7499999389875569))
(0, (0.0, inf))
