(2, (3.125, 8.360609517414236))
(2, (3.125, 8.07186796125987))
(2, (5.557705732445067, 10.154360495935947))
(2, (7.394500750143754, 10.907184014826463))
(2, (1.7922035670760004, 3.354703567076001))
(2, (8.574555654712814, 9.024996442183946))
(2, (5.359980423298668, 5.75925182227804))
(2, (6.25, 6.6203329353482))
(2, (4.444191146501571, 4.670781369092611))
(2, (10.00177062052733, 10.056783624845107))
(2, (5.191432921290708, 5.240953303759815))
(2, (5.992736120897266, 6.015532951751916))
(2, (8.119111994166154, 8.139623988736155))
(2, (7.046650175786334, 7.062435634040088))
(2, (10.114016164306197, 10.128715881474651))
(2, (5.871882919299212, 5.882630726108355))
(2, (5.871882919299212, 5.882630726108355))
(2, (6.818269631809629, 6.8230230871592426))
(2, (8.196000638906995, 8.197073573160152))
(2, (6.250518967036483, 6.250977963283277))
(1, (0.0, 4.5671410057712))
(1, (3.0626563814802497, 4.429833900536574))
(1, (3.06250013148025, 4.083333450204667))
(1, (2.8816713765602193, 3.7881410311405728))
(1, (2.3883716564405413, 3.1844956330659233))
(1, (2.3697922085608787, 3.1597228995297546))
(1, (2.3697922085608787, 3.1597228995297546))
(1, (2.3697922085608787, 3.1597228995297546))
(1, (4.6564063814802505, 5.215100166786132))
(1, (4.625, 4.726116152478587))
(1, (8.00280600238763, 8.094171338365262))
(1, (5.838698458560877, 5.838698458560878))
(1, (5.838698458560877, 5.838698458560878))
(0, (0.0, inf))
