(1, (0.0, 5.333333156067168))
(1, (4.396363600124145, 5.749625092841903))
(1, (3.1105772775266898, 4.1474364389606055))
(1, (2.9999999501438905, 4.0000000000000036))
(1, (2.974867317106048, 3.6287827356999847))
(1, (2.4853183627701134, 3.0956617644769366))
(1, (2.147962562167894, 2.6841975511404508))
(1, (3.9999998005755613, 4.505931753015728))
(1, (0.7777443664413286, 1.0369924541214979))
(1, (0.7937238907254338, 1.0223796359391972))
(1, (2.9999999501438905, 3.216705950480361))
(1, (4.113124881217819, 4.295972507998106))
(1, (0.505927465330742, 0.6660986511765352))
(1, (0.44759529654945385, 0.594459721635298))
(1, (2.3988525982860924, 2.542826075930173))
(1, (0.45337845354219697, 0.5790674111463914))
(1, (3.617729690690651, 3.735841788075536))
(1, (1.0110470551235304, 1.1209344732911695))
(1, (0.7958615436090624, 0.9054036107781871))
(1, (0.7280866927671772, 0.8224769318333376))
(1, (0.25, 0.333333322254198))
(1, (5.4039554253899045, 5.481791479859331))
(1, (0.5756890903009038, 0.6449061700263421))
(1, (3.5874511551652626, 3.6468303041939016))
(1, (5.640976448828072, 5.680202388511421))
(1, (0.7778446108519877, 0.806619032147471))
(1, (0.6970802144571432, 0.7078022855811035))
(1, (0.678310586059787, 0.684516011512047))
(1, (1.1518654066778116, 1.1560485141657098))
(1, (4.354016826571268, 4.357373174396295))
(1, (1.3162540957630564, 1.3180706960082307))
(1, (5.771358832863272, 5.771596674066963))
(1, (3.999999800575562, 3.9999998005755657))
(1, (3.999999800575562, 3.9999998005755657))
(0, (0.0, inf))
